11111111111111111111111111111111111111111111111111111111111111111111111111111111111
11111111111111111111111111111111111111111111111111111111111111111111111111111111111
11111111111111111111111111111111111111111111111111111111111111111111111111111111111
11111111111111111111111111111111111111111111111111111111111111111111111111111111111
11111111111111111111111111111111111111111111111111111111111111111111111111111111111
11111111111111111111111111111111111111111117111111111111111111111111111111111111111
11111111111111111111188888111111111111111111111111111111111111111111111111111111111
11111111111111111111188888111111111111111111111111111111111111111111111111111111111
111111111111111111111888881111111111511111111111111111111111111111111111111111111111
11111111111111111111188888811888118881111111111111111111111111111111111111111111111
1111111111111111111188158815888888888881111111111111111111111111111111111111111111111
1111111111111111111181588881588888888881111111111111111111111111111111111111111111111
11111111111111111111887888888888888881111111111111111111111111111111111111111111111
11111111111111111111188811111111111111111111111111111111111111111111111111111111111
111888888888888888888815811111111111111111111111111111111111111111111111111111111111
11188888888888888888888811111111111111111111111111111111111111111111111111111111111
111888888888888888888881511111111111111111111111111111111111111111111111111111111111
11188888888888888888888811111111111111111111111111111111111111111111111111111111111
11188888888838888888888811111111111111111111111111111111111111111111111111111111111
11111111111111111111111111111111111111111111111111111111111111111111111111111111111
11111111111111111111111111111111111111111111111111111111111111111111111111111111111
11111111111111111111111111111111111111111111111111111111111111111111111111111111111
11111111111111111111111111111111111111111111111111111111111111111111111111111111111
11111111111111111111118111111111111111111111111111111111111111111111111111111111111
11111111111111111111118111111111111111111111111111111111111111111111111111111111111
11111111111111111111118111111111111111111111111111111111111111111111111111111111111
11111111111111111111118111111111111111111111111111111111111111111111111111111111111
11111111111111111111118111111111111111111111111111111111111111111111111111111111111
11111111111111111111188811111111111111111111111111111111111111111111111111111111111
11111111111111111111111111111111111111111111111111111111111111111111111111111111111
11111111111111111111111111111111111111111111111111111111111111111111111111111111111
